52.9	0.147	0.268
55	0.142	0.259
57.3	0.137	0.251
60	0.131	0.242
63	0.126	0.233
66.3	0.114	0.214
70.3	0.113	0.212
75	0.106	0.199
80	0.0982	0.186
84.8	0.0917	0.175
86.5	0.0889	0.17
88.1	0.0868	0.166
89.8	0.0851	0.163
91.6	0.0834	0.16
93.5	0.0816	0.157
95.5	0.0798	0.153
97.6	0.078	0.15
99.8	0.0781	0.15
102	0.0775	0.148
104	0.0745	0.143
107	0.0719	0.138
110	0.0698	0.135
112	0.0679	0.131
115	0.0659	0.127
118	0.064	0.124
122	0.0619	0.12
125	0.06	0.116
128	0.058	0.113
131	0.056	0.109
135	0.054	0.105
137	0.052	0.101
139	0.0499	0.0975
140	0.0477	0.0934
140	0.0467	0.0918
139	0.0454	0.0894
136	0.0438	0.0866
133	0.0425	0.0845
131	0.0417	0.0831
129	0.0412	0.0823
128	0.0408	0.0817
126	0.04	0.0804
124	0.0391	0.0789
123	0.0368	0.0753
126	0.0341	0.0719
134	0.0324	0.0707
142	0.0308	0.069
152	0.0292	0.0668
162	0.0276	0.0645
174	0.026	0.0616
187	0.0243	0.0585
202	0.0227	0.0551
220	0.0211	0.0517
239	0.0195	0.0482
261	0.0179	0.0448
286	0.0165	0.0415
313	0.0151	0.0383
344	0.0138	0.0352
379	0.0126	0.0323
414	0.0116	0.0298
452	0.0107	0.0275
497	0.00975	0.0252
548	0.00889	0.0231
603	0.00809	0.021
664	0.00736	0.0192
728	0.00674	0.0176
787	0.00625	0.0164
839	0.00588	0.0154
884	0.00559	0.0147
927	0.00534	0.0141
969	0.00512	0.0135
1,010	0.00492	0.013
1,050	0.00474	0.0125
1,090	0.00458	0.0121
1,120	0.00445	0.0118
1,160	0.00432	0.0115
1,190	0.00421	0.0112
1,220	0.00411	0.0109
1,250	0.00401	0.0107
1,280	0.00393	0.0105
1,310	0.00385	0.0102
1,330	0.00377	0.0101
1,360	0.00371	0.00989
1,390	0.00364	0.00973
1,410	0.00358	0.00958
1,430	0.00353	0.00944
1,460	0.00348	0.00931
1,480	0.00343	0.00918
1,500	0.00339	0.00907
1,520	0.00334	0.00896
1,540	0.0033	0.00886
1,560	0.00327	0.00877
1,580	0.00323	0.00868
1,590	0.0032	0.0086
1,610	0.00317	0.00852
1,630	0.00314	0.00845
1,640	0.00311	0.00838
1,660	0.00309	0.00832
1,670	0.00307	0.00826
1,690	0.00304	0.0082
1,700	0.00302	0.00815
1,710	0.003	0.0081
1,720	0.00299	0.00806
1,730	0.00297	0.00801
1,750	0.00295	0.00797
1,760	0.00294	0.00793
1,770	0.00292	0.00789
1,780	0.00291	0.00785
1,790	0.00289	0.00782
1,800	0.00288	0.00778
1,810	0.00286	0.00775
1,820	0.00285	0.00772
1,830	0.00284	0.00769
1,840	0.00283	0.00767
1,850	0.00282	0.00764
1,860	0.00281	0.00761
1,860	0.0028	0.00759
1,870	0.00279	0.00757
1,880	0.00278	0.00755
1,890	0.00277	0.00752
1,900	0.00276	0.0075
1,900	0.00275	0.00748
1,910	0.00275	0.00746
1,920	0.00274	0.00745
1,920	0.00273	0.00743
1,930	0.00272	0.00741
1,940	0.00272	0.0074
1,950	0.00271	0.00738
1,950	0.0027	0.00737
1,950	0.0027	0.00736
1,960	0.0027	0.00735
1,960	0.00269	0.00734
1,970	0.00269	0.00733
1,980	0.00268	0.00732
1,980	0.00268	0.00731
1,990	0.00267	0.0073
1,990	0.00267	0.00729
2,000	0.00267	0.00728
2,000	0.00266	0.00728
2,010	0.00266	0.00727
2,010	0.00266	0.00726
2,020	0.00265	0.00726
2,020	0.00265	0.00725
2,030	0.00265	0.00725
2,030	0.00264	0.00725
2,030	0.00264	0.00724
2,040	0.00264	0.00724
2,040	0.00264	0.00724
2,050	0.00264	0.00723
2,050	0.00263	0.00723
2,050	0.00263	0.00723
2,060	0.00263	0.00722
2,060	0.00263	0.00722
2,070	0.00263	0.00722
2,070	0.00262	0.00721
2,070	0.00262	0.00721
2,080	0.00262	0.00721
2,080	0.00262	0.00721
2,090	0.00262	0.0072
2,090	0.00261	0.0072
2,100	0.00261	0.00719
2,100	0.00261	0.00719
2,110	0.00261	0.00718
2,120	0.0026	0.00717
2,120	0.00259	0.00715
2,130	0.00259	0.00715
2,120	0.0026	0.00719
2,120	0.00261	0.00722
2,120	0.00262	0.00724
2,120	0.00262	0.00726
2,120	0.00263	0.00728
2,120	0.00263	0.00729
2,120	0.00264	0.0073
2,120	0.00264	0.00731
2,120	0.00264	0.00733
2,120	0.00265	0.00734
2,120	0.00265	0.00735
2,120	0.00265	0.00735
2,120	0.00265	0.00736
2,130	0.00266	0.00737
2,130	0.00266	0.00738
2,130	0.00266	0.00739
2,130	0.00266	0.00739
2,130	0.00267	0.0074
2,130	0.00267	0.00741
2,140	0.00267	0.00741
2,140	0.00267	0.00742
2,140	0.00267	0.00743
2,140	0.00267	0.00743
2,140	0.00268	0.00744
2,150	0.00268	0.00745
2,150	0.00268	0.00745
2,150	0.00268	0.00746
2,150	0.00269	0.00746
2,160	0.00269	0.00747
2,160	0.00269	0.00747
2,160	0.00269	0.00748
2,160	0.00269	0.00749
2,170	0.00269	0.00749
2,170	0.0027	0.0075
2,170	0.0027	0.0075
2,180	0.0027	0.00751
2,180	0.0027	0.00751
2,180	0.0027	0.00752
2,180	0.00271	0.00752
2,190	0.00271	0.00753
2,190	0.00271	0.00753
2,190	0.00271	0.00753
2,200	0.00271	0.00754
2,200	0.00271	0.00754
2,200	0.00272	0.00754
2,210	0.00272	0.00754
2,210	0.00272	0.00754
2,220	0.00272	0.00755
2,220	0.00272	0.00755
2,220	0.00272	0.00755
2,230	0.00272	0.00755
2,230	0.00272	0.00755
2,240	0.00272	0.00755
2,240	0.00272	0.00754
2,250	0.00272	0.00754
2,250	0.00272	0.00754
2,260	0.00272	0.00753
2,260	0.00272	0.00752
2,270	0.00272	0.00752
2,280	0.00272	0.00752
2,280	0.00271	0.00751
2,290	0.00271	0.0075
2,300	0.00271	0.00749
2,310	0.0027	0.00747
2,310	0.0027	0.00745
2,320	0.00269	0.00744
2,330	0.00268	0.00742
2,340	0.00268	0.0074
2,350	0.00267	0.00737
2,360	0.00266	0.00735
2,380	0.00265	0.00732
2,390	0.00264	0.0073
2,400	0.00263	0.00727
2,410	0.00262	0.00724
2,420	0.00261	0.00722
2,440	0.0026	0.00719
2,450	0.00259	0.00717
2,460	0.00259	0.00715
2,470	0.00258	0.00714
2,480	0.00258	0.00714
2,490	0.00258	0.00715
2,490	0.00258	0.00716
2,490	0.00258	0.00717
2,500	0.00258	0.00719
2,500	0.00259	0.0072
2,500	0.00259	0.00721
2,500	0.00259	0.00722
2,510	0.00259	0.00722
2,510	0.00259	0.00722
2,510	0.00259	0.00721
2,510	0.00259	0.00721
2,510	0.00259	0.0072
2,510	0.00258	0.00719
2,510	0.00258	0.00717
2,510	0.00258	0.00715
2,510	0.00258	0.00715
2,510	0.00258	0.00715
2,510	0.00258	0.00714
2,510	0.00258	0.00714
2,510	0.00258	0.00713
2,510	0.00258	0.00712
2,510	0.00257	0.0071
2,510	0.00257	0.0071
2,510	0.00257	0.00709
2,510	0.00257	0.00708
2,510	0.00257	0.00706
2,510	0.00257	0.00705
2,510	0.00257	0.00704
2,510	0.00257	0.00703
2,510	0.00257	0.00702
2,510	0.00256	0.00701
2,510	0.00256	0.007
2,510	0.00256	0.00699
2,510	0.00256	0.00698
2,510	0.00256	0.00697
2,520	0.00255	0.00695
2,520	0.00255	0.00694
2,520	0.00255	0.00693
2,520	0.00255	0.00691
2,520	0.00254	0.0069
2,520	0.00254	0.00688
2,520	0.00254	0.00687
2,520	0.00253	0.00685
2,520	0.00253	0.00683
2,520	0.00253	0.00682
2,520	0.00252	0.0068
2,520	0.00252	0.00678
2,520	0.00251	0.00677
2,530	0.00251	0.00675
2,530	0.00251	0.00673
2,530	0.0025	0.00671
2,530	0.0025	0.00669
2,530	0.00249	0.00667
2,530	0.00249	0.00665
2,530	0.00248	0.00663
2,530	0.00247	0.00661
2,530	0.00247	0.00659
